7.10302E-05	0.18	0.083273252	-1	0.617680827	0.748861048	0.652	0.337277863	0.041666667	0.416315049	0.695454545	1	0.131156176	0.48
0.000306936	0	0.254866619	-1	0.538461538	0.731321185	0.789	0.409607059	0.083333333	0.340365682	0.809090909	1	0.240716355	0.432
0.000306711	0	0.254866619	-1	0.538461538	0.81833713	0.611	0.409607059	0.083333333	0.340365682	0.809090909	0.989745528	0.106136423	0.694
0.000363805	0	0.078586878	-1	0.525832377	0.797038724	0.458	0.499913413	0.125	0.312236287	0.85	0.994280675	0.07742955	0.668
0.00077605	0	0.078586878	-1	0.525832377	0.814009112	0.542	0.499913413	0.125	0.312236287	0.85	1	0.140373979	0.724
0.000335483	0	0.078586878	-1	0.525832377	0.732346241	0.587	0.499913413	0.125	0.312236287	0.85	0.992995717	0.13721359	0.574
0.000992288	0.125	0.28370584	-1	0.601607348	0.684738041	0.666	0.458541211	0.208333333	0.437412096	0.690909091	0.996724616	0.327363708	0.458
0.001624592	0.125	0.28370584	-1	0.601607348	0.702961276	0.961	0.490702181	0.208333333	0.437412096	0.690909091	1	0.504345536	0.542
0.002374118	0.125	0.28370584	-1	0.601607348	0.641343964	1	0.501554447	0.208333333	0.437412096	0.690909091	0.974124465	0.788253885	0.33
0.001911073	0.125	0.28370584	-1	0.601607348	0.683826879	0.859	0.5436111	0.208333333	0.437412096	0.690909091	0.974326027	0.450355544	0.378
0.00252753	0.125	0.28370584	-1	0.601607348	0.726309795	0.943	0.523374428	0.208333333	0.437412096	0.690909091	0.988964475	0.538583092	0.3
0.001320241	0.125	0.28370584	-1	0.601607348	0.684396355	0.829	0.513478745	0.208333333	0.437412096	0.690909091	1	0.349486437	0.378
0.00105399	0.125	0.28370584	-1	0.601607348	0.670728929	0.39	0.449503154	0.208333333	0.437412096	0.690909091	0.983875031	0.413747696	0.434
0.007077848	0	0.293439077	-1	0.617680827	0.677562642	0.618	0.388199398	0.166666667	0.431786217	0.954545455	1	0.217540163	0.408
0.007170007	0	0.293439077	-1	0.617680827	0.694305239	0.845	0.367946233	0.166666667	0.431786217	0.954545455	0.957470396	0.270213326	0.364
0.007051211	0	0.293439077	-1	0.617680827	0.664464692	0.565	0.370972663	0.166666667	0.431786217	0.954545455	0.996775006	0.223070845	0.398
0.011845078	0	0.293439077	-1	0.617680827	0.675968109	0.293	0.370972663	0.166666667	0.431786217	0.954545455	0.97467876	0.173294706	0.462
0.008813593	0	0.293439077	-1	0.617680827	0.682232346	0.817	0.351123572	0.166666667	0.431786217	0.954545455	0.974426808	0.386357651	0.35
0.009021626	0	0.293439077	-1	0.617680827	0.621412301	0.366	0.313074671	0.166666667	0.431786217	0.954545455	0.728117914	0.307874638	0.404
0.008157238	0	0.293439077	-1	0.617680827	0.652277904	0.695	0.313074671	0.166666667	0.431786217	0.954545455	0.985008818	0.297076639	0.364
0.014068818	0	0.293439077	-1	0.617680827	0.634396355	0.981	0.313190121	0.166666667	0.431786217	0.954545455	0.94877803	0.553594943	0.272
0.009576044	0	0.293439077	-1	0.617680827	0.679384966	0.892	0.330870408	0.166666667	0.431786217	0.954545455	0.98898967	0.364234922	0.392
0.013851682	0	0.293439077	-1	0.617680827	0.699544419	0.917	0.327951181	0.166666667	0.431786217	0.954545455	1	0.493020806	0.304
0.011108926	0	0.293439077	-1	0.617680827	0.662072893	1	0.337706675	0.166666667	0.431786217	0.954545455	0.994053918	0.52357124	0.29
0.008432143	0	0.293439077	-1	0.617680827	0.674715262	0.941	0.362808725	0.166666667	0.431786217	0.954545455	0.993524817	0.429286279	0.312
0.009446796	0	0.293439077	-1	0.617680827	0.637699317	0.857	0.367344246	0.166666667	0.431786217	0.954545455	0.764474679	0.434816961	0.278
0.00755157	0	0.293439077	-1	0.617680827	0.662072893	0.903	0.386096565	0.166666667	0.431786217	0.954545455	0.949559083	0.390044772	0.332
0.010741861	0	0.293439077	-1	0.617680827	0.688724374	0.888	0.367245289	0.166666667	0.431786217	0.954545455	0.771932477	0.455096129	0.296
0.008687604	0	0.293439077	-1	0.617680827	0.739749431	0.944	0.367352492	0.166666667	0.431786217	0.954545455	0.977425044	0.337108243	0.368
0.011266496	0	0.293439077	-1	0.617680827	0.760136674	0.873	0.349565002	0.166666667	0.431786217	0.954545455	0.957999496	0.315512247	0.42
0.012709129	0	0.293439077	-1	0.617680827	0.650683371	0.941	0.349070218	0.166666667	0.431786217	0.954545455	0.907457798	0.595206742	0.254
0.015225645	0	0.293439077	-1	0.617680827	0.691571754	1	0.344287305	0.166666667	0.431786217	0.954545455	0.949181154	0.343429023	0.29
0.015599565	0	0.293439077	-1	0.617680827	0.677676538	0.82	0.32903146	0.166666667	0.431786217	0.954545455	0.586041824	0.729786674	0.264
0.012944136	0	0.293439077	-1	0.617680827	0.649316629	0.95	0.312307756	0.166666667	0.431786217	0.954545455	0.903930461	0.483276271	0.262
0.01812642	0	0.293439077	-1	0.617680827	0.694305239	0.969	0.310048241	0.166666667	0.431786217	0.954545455	0.625623583	0.535686068	0.27
0.000721204	0	0.214852199	-1	0.572904707	0.675740319	0.682	0.277103863	0.208333333	0.392405063	0.872727273	1	0.254938109	0.378
0.001095124	0	0.214852199	-1	0.572904707	0.665261959	0.614	0.27855523	0.208333333	0.392405063	0.872727273	0.951272361	0.300500395	0.4
0.00090069	0	0.214852199	-1	0.572904707	0.666287016	0.415	0.324429967	0.208333333	0.392405063	0.872727273	1	0.23097182	0.42
0.00196738	0	0.214852199	-1	0.572904707	0.679498861	0.302	0.317263844	0.208333333	0.392405063	0.872727273	0.991257244	0.266789571	0.494
0.000310532	0.75	0.106344629	-1	0.491389208	0.751138952	0.218	0.445396446	0.125	0.35443038	0.831818182	0.996800202	0.113774032	0.616
0.000377517	0.75	0.106344629	-1	0.491389208	0.8	0.158	0.445396446	0.125	0.35443038	0.831818182	0.996775006	0.052146431	0.698
0.001432293	0	0.249098774	-1	0.51435132	0.771070615	0.029	0.471768441	0.125	0.327707454	0.813636364	0.971050642	0.127469055	0.532
0.001590313	0	0.249098774	-1	0.51435132	0.70261959	0.066	0.471768441	0.125	0.327707454	0.813636364	0.965910809	0.153015539	0.506
0.001791041	0	0.249098774	-1	0.51435132	0.707403189	0.065	0.471768441	0.125	0.327707454	0.813636364	0.993852356	0.195944166	0.494
0.001378908	0	0.249098774	-1	0.51435132	0.691230068	0.4	0.471768441	0.125	0.327707454	0.813636364	0.981078357	0.251514353	0.424
0.001926583	0	0.249098774	-1	0.51435132	0.64715262	0.338	0.420599513	0.125	0.327707454	0.813636364	1	0.268896497	0.386
0.002116971	0	0.249098774	-1	0.51435132	0.658997722	0.333	0.420599513	0.125	0.327707454	0.813636364	1	0.372662628	0.4
0.002576756	0	0.249098774	-1	0.51435132	0.686788155	0.855	0.469170824	0.125	0.327707454	0.813636364	0.98951877	0.495127732	0.332
0.002853235	0	0.249098774	-1	0.51435132	0.614920273	0.953	0.484063827	0.125	0.327707454	0.813636364	1	0.811430076	0.288
0.002469986	0	0.249098774	-1	0.51435132	0.638041002	0.62	0.502016245	0.125	0.327707454	0.813636364	1	0.42665262	0.388
0.000997233	0.21	0.20331651	-1	0.50401837	0.679157175	0.457	0.561967592	0.166666667	0.341772152	0.763636364	0.996623835	0.354227021	0.394
0.000487434	0.21	0.20331651	-1	0.50401837	0.696469248	0.63	0.561967592	0.166666667	0.341772152	0.763636364	0.992617788	0.248353964	0.41
0.000602408	0.21	0.20331651	-1	0.50401837	0.741571754	0.211	0.561967592	0.166666667	0.341772152	0.763636364	1	0.13905715	0.5
0.000559813	0.21	0.20331651	-1	0.50401837	0.683143508	0.214	0.561967592	0.166666667	0.341772152	0.763636364	1	0.222017382	0.468
0.00015285	0.75	0.144196107	-1	0.470723307	0.670615034	0.476	0.603611924	0.125	0.659634318	0.959090909	1	0.389781406	0.378
0.000147343	0.9	0.043979813	-1	0.462686567	0.825626424	0.219	0.71715664	0.208333333	0.317862166	0.813636364	0.997556059	0.126678957	0.708
0.000230961	0.85	0.02667628	-1	0.470723307	0.726993166	0.357	0.757646477	0.083333333	0.440225035	0.786363636	1	0.151962075	0.494
0.000160942	1	0.047584715	-1	0.471871412	0.776309795	0.405	0.686496516	0.208333333	0.360056259	0.686363636	0.989921895	0.104029497	0.632
0.001735857	0.25	0.184931507	-1	0.520091848	0.699886105	0.292	0.644439863	0.333333333	0.399437412	0.895454545	0.984328546	0.180668949	0.466
0.00116076	0.25	0.184931507	-1	0.520091848	0.675056948	0.472	0.571640622	0.333333333	0.399437412	0.895454545	1	0.242823282	0.392
0.001678202	0.25	0.184931507	-1	0.520091848	0.653872437	0.662	0.595835567	0.333333333	0.399437412	0.895454545	0.995490048	0.346326047	0.374
0.001929842	0.25	0.184931507	-1	0.520091848	0.679498861	0.934	0.562280955	0.333333333	0.399437412	0.895454545	0.952582514	0.380300237	0.32
0.00123932	0.25	0.184931507	-1	0.520091848	0.735307517	0.678	0.595843813	0.333333333	0.399437412	0.895454545	1	0.177245194	0.444
0.001421729	0.25	0.184931507	-1	0.520091848	0.770159453	0.434	0.658137138	0.333333333	0.399437412	0.895454545	0.996674225	0.250197524	0.5
0.000219272	0.175	0.049747657	-1	0.477726751	0.809111617	0.595	0.760557457	0.125	0.303797468	0.845454545	0.990778534	0.212009481	0.66
0.000402804	0.8	0.12148522	-1	0.456946039	0.716400911	0.178	0.545210902	0.166666667	0.473980309	0.731818182	1	0.122991836	0.47
0.000492154	0.8	0.12148522	-1	0.456946039	0.659111617	0.311	0.545210902	0.166666667	0.473980309	0.731818182	1	0.269686595	0.388
0.000650623	0.125	0.218817592	-1	0.469575201	0.669476082	0.214	0.535851235	0.166666667	0.485232068	0.859090909	0.998261527	0.21332631	0.44
0.001523329	0.125	0.218817592	-1	0.469575201	0.637129841	0.368	0.535851235	0.166666667	0.485232068	0.859090909	1	0.344745852	0.348
0.001440385	0.125	0.218817592	-1	0.469575201	0.670273349	0.33	0.535851235	0.166666667	0.485232068	0.859090909	1	0.231498551	0.418
0.000991951	0	0.389689978	-1	0.474167623	0.730865604	0.066	0.43601204	0.166666667	0.428973277	0.872727273	0.966817838	0.176981828	0.484
0.001784297	0	0.389689978	-1	0.474167623	0.678929385	0.175	0.43601204	0.166666667	0.428973277	0.872727273	0.949710254	0.260205425	0.434
0.001029938	0	0.389689978	-1	0.474167623	0.690774487	0.078	0.43601204	0.166666667	0.428973277	0.872727273	0.984908037	0.14537793	0.456
0.00219598	0	0.389689978	-1	0.474167623	0.711275626	0.062	0.43601204	0.166666667	0.428973277	0.872727273	0.950289746	0.198577825	0.468
0.000887428	0	0.462509012	-1	0.501722158	0.714464692	0.06	0.350595803	0.208333333	0.559774965	0.85	0.995011338	0.178562023	0.482
0.00106905	0	0.462509012	-1	0.501722158	0.71594533	0.45	0.371302519	0.208333333	0.559774965	0.85	0.965558075	0.235449039	0.428
0.001141092	0	0.462509012	-1	0.501722158	0.715148064	0.745	0.334160722	0.208333333	0.559774965	0.85	0.941446208	0.315248881	0.4
0.000978576	0	0.462509012	-1	0.501722158	0.699316629	0.458	0.337319095	0.208333333	0.559774965	0.85	0.974955908	0.270476692	0.416
0.000634552	0	0.462509012	-1	0.501722158	0.709794989	0.537	0.413482868	0.208333333	0.559774965	0.85	0.973544974	0.324993416	0.424
0.000942612	0	0.462509012	-1	0.501722158	0.669020501	0.366	0.371302519	0.208333333	0.559774965	0.85	0.997883598	0.239662892	0.406
0.000462258	0.25	0.17519827	-1	0.489092997	0.766173121	0.335	0.44536346	0.166666667	0.395218003	0.863636364	1	0.139320516	0.56
0.000501482	0.25	0.17519827	-1	0.489092997	0.753872437	0.704	0.44536346	0.166666667	0.395218003	0.863636364	0.996800202	0.190150119	0.478
0.000411234	0.25	0.17519827	-1	0.489092997	0.717767654	0.322	0.44536346	0.166666667	0.395218003	0.863636364	1	0.176981828	0.496
0.000399095	0.25	0.17519827	-1	0.489092997	0.7023918	0.467	0.44536346	0.166666667	0.395218003	0.863636364	0.984227765	0.197787727	0.458
0.000568579	0	0.16186013	-1	0.515499426	0.727676538	0.48	0.394128561	0.125	0.347398031	0.840909091	1	0.253357914	0.478
0.000644554	0	0.16186013	-1	0.515499426	0.755125285	0.561	0.365950604	0.125	0.347398031	0.840909091	0.988410179	0.171977877	0.532
0.000583077	0	0.16186013	-1	0.515499426	0.685079727	0.451	0.365084732	0.125	0.347398031	0.840909091	0.997707231	0.338688438	0.45
0.000803698	0	0.16186013	-1	0.515499426	0.69715262	0.568	0.30904218	0.125	0.347398031	0.840909091	0.995590829	0.222280748	0.444
0.000636125	0	0.122927181	-1	0.561423651	0.798063781	0.863	0.282167155	0.083333333	0.379746835	0.809090909	1	0.144851198	0.472
0.00059589	0	0.122927181	-1	0.561423651	0.806264237	0.631	0.281573414	0.083333333	0.379746835	0.809090909	0.997883598	0.150118515	0.574
0.000526433	0	0.122927181	-1	0.561423651	0.730865604	0.661	0.255003505	0.083333333	0.379746835	0.809090909	0.988107836	0.232025283	0.452
0.000441916	0	0.122927181	-1	0.561423651	0.729498861	0.739	0.254987012	0.083333333	0.379746835	0.809090909	0.991559587	0.215959968	0.44
0.000472374	0.28	0.542177361	-1	0.53272101	0.733712984	0.536	0.30230487	0.166666667	0.379746835	0.827272727	0.995238095	0.214906505	0.458
0.00032312	0.28	0.542177361	-1	0.53272101	0.707403189	0.289	0.30230487	0.166666667	0.379746835	0.827272727	0.99856387	0.163550171	0.5
0.000482601	0.28	0.542177361	-1	0.53272101	0.711731207	0.773	0.298107451	0.166666667	0.379746835	0.827272727	1	0.278904398	0.412
0.001371603	0	0.104181687	-1	0.510907003	0.754555809	0.578	0.28822826	0.083333333	0.388185654	0.818181818	0.901940035	0.175138267	0.568
0.00129293	0	0.104181687	-1	0.510907003	0.701936219	0.696	0.28822826	0.083333333	0.388185654	0.818181818	0.987226002	0.298656834	0.428
0.001358004	0	0.104181687	-1	0.510907003	0.919020501	0.76	0.28822826	0.083333333	0.388185654	0.818181818	1	0.110877008	0.774
0.000920134	0	0.104181687	-1	0.510907003	0.890660592	0.369	0.28822826	0.083333333	0.388185654	0.818181818	0.991509196	0.094021596	0.876
0.000770993	0	0.104181687	-1	0.510907003	0.844646925	0.625	0.28822826	0.083333333	0.388185654	0.818181818	1	0.16302344	0.664
0.001670784	0	0.308579668	-1	0.597014925	0.766173121	0.799	0.229068569	0.208333333	0.540084388	0.95	0.994608214	0.248090598	0.55
0.001284838	0	0.308579668	-1	0.597014925	0.772323462	0.713	0.235525502	0.208333333	0.540084388	0.95	0.996674225	0.20200158	0.53
0.002571025	0	0.308579668	-1	0.597014925	0.729498861	0.854	0.223865089	0.208333333	0.540084388	0.95	0.178382464	0.279957861	0.372
0.002378276	0	0.308579668	-1	0.597014925	0.698974943	0.874	0.223865089	0.208333333	0.540084388	0.95	0.993877551	0.353963656	0.386
0.001568959	0	0.308579668	-1	0.597014925	0.7023918	0.9	0.199645405	0.208333333	0.540084388	0.95	0.989392794	0.32473005	0.402
0.001490511	0	0.308579668	-1	0.597014925	0.666400911	0.967	0.173743454	0.208333333	0.540084388	0.95	0.99281935	0.433763497	0.39
0.00192411	0	0.308579668	-1	0.597014925	0.664692483	0.919	0.182327959	0.208333333	0.540084388	0.95	0.996900983	0.491440611	0.39
0.001474214	0	0.308579668	-1	0.597014925	0.697835991	0.852	0.175021647	0.208333333	0.540084388	0.95	0.976795163	0.371082434	0.408
0.001438812	0	0.308579668	-1	0.597014925	0.737357631	0.971	0.200626727	0.208333333	0.540084388	0.95	0.995817586	0.323149855	0.396
0.002962927	0	0.308579668	-1	0.597014925	0.709453303	0.912	0.20987919	0.208333333	0.540084388	0.95	0.985714286	0.409533843	0.388
0.001213021	0	0.308579668	-1	0.597014925	0.705580866	0.544	0.229068569	0.208333333	0.540084388	0.95	0.991408415	0.34237556	0.434
0.001133337	0	0.360850757	-1	0.628013777	0.764806378	0.816	0.220797427	0.25	0.607594937	0.809090909	0.996699421	0.267579668	0.456
0.001385651	0	0.360850757	-1	0.628013777	0.673462415	0.929	0.194070837	0.25	0.607594937	0.809090909	0.995086924	0.426915986	0.376
0.002496398	0	0.360850757	-1	0.628013777	0.693849658	0.954	0.210118336	0.25	0.607594937	0.809090909	1	0.450092178	0.374
0.001599416	0	0.360850757	-1	0.628013777	0.712300683	0.842	0.186080073	0.25	0.607594937	0.809090909	0.979440665	0.275217277	0.37
0.001925683	0	0.360850757	-1	0.628013777	0.675170843	0.882	0.20311714	0.25	0.607594937	0.809090909	0.869009826	0.415064525	0.366
0.001478822	0	0.360850757	-1	0.628013777	0.703416856	0.725	0.225135035	0.25	0.607594937	0.809090909	0.990929705	0.317092441	0.424
0.001696858	0	0.360850757	-1	0.628013777	0.685763098	0.826	0.226561662	0.25	0.607594937	0.809090909	0.993978332	0.27126679	0.384
0.001467583	0	0.360850757	-1	0.628013777	0.668792711	0.731	0.204304622	0.25	0.607594937	0.809090909	0.853187201	0.404793258	0.408
0.001626952	0	0.360850757	-1	0.628013777	0.652733485	0.652	0.227534738	0.25	0.607594937	0.809090909	0.986394558	0.358440874	0.386
0.000775376	0	0.924657534	-1	0.667049369	0.66856492	0.697	0.186179029	0.083333333	0.264416315	0.868181818	0.980473671	0.378456676	0.44
0.000805272	0	0.924657534	-1	0.667049369	0.683826879	0.841	0.181206449	0.083333333	0.264416315	0.868181818	0.951549509	0.375823018	0.406
0.001045111	0	0.924657534	-1	0.667049369	0.678929385	0.929	0.172094174	0.083333333	0.264416315	0.868181818	0.95260771	0.472214907	0.41
0.001690115	0	0.924657534	-1	0.667049369	0.666970387	0.97	0.16034305	0.083333333	0.264416315	0.868181818	0.933005795	0.669212536	0.346
0.001106925	0	0.924657534	-1	0.667049369	0.669589977	0.958	0.165447573	0.083333333	0.264416315	0.868181818	0.955857899	0.462997103	0.376
0.001899609	0	0.924657534	-1	0.667049369	0.681776765	0.884	0.164342556	0.083333333	0.264416315	0.868181818	0.970068027	0.390044772	0.428
0.004353411	0	0.924657534	-1	0.667049369	0.63929385	0.956	0.144905785	0.083333333	0.264416315	0.868181818	0.905240615	0.717935212	0.314
0.002912577	0	0.789113194	-1	0.71641791	0.648405467	0.96	0.147470416	0.166666667	0.614627286	0.963636364	0.987931469	0.452725836	0.324
0.003657495	0	0.789113194	-1	0.71641791	0.732460137	0.988	0.149466045	0.166666667	0.614627286	0.963636364	1	0.405319989	0.36
0.009904334	0	0.789113194	-1	0.71641791	0.642027335	0.947	0.163270523	0.166666667	0.614627286	0.963636364	1	0.483012905	0.286
0.003821921	0	0.789113194	-1	0.71641791	0.735535308	0.989	0.174700037	0.166666667	0.614627286	0.963636364	0.995313681	0.331840927	0.384
0.013407406	0	0.789113194	-1	0.71641791	0.720501139	0.977	0.187275801	0.166666667	0.614627286	0.963636364	1	0.322886489	0.392
0.006631549	0	0.789113194	-1	0.71641791	0.725740319	0.979	0.191926772	0.166666667	0.614627286	0.963636364	0.971932477	0.292862786	0.46
0.003706834	0	0.789113194	-1	0.71641791	0.66309795	0.954	0.203677896	0.166666667	0.614627286	0.963636364	0.979314689	0.39583882	0.368
0.010971136	0	0.789113194	-1	0.71641791	0.655694761	0.984	0.193460603	0.166666667	0.614627286	0.963636364	0.662030738	0.455886226	0.312
0.006268867	0	0.789113194	-1	0.71641791	0.721526196	0.982	0.174056818	0.166666667	0.614627286	0.963636364	0.994381456	0.446668422	0.362
0.003626138	0	0.789113194	-1	0.71641791	0.676765376	0.935	0.162198491	0.166666667	0.614627286	0.963636364	0.953010834	0.445088228	0.348
0.003959823	0	0.789113194	-1	0.71641791	0.735079727	0.984	0.152541954	0.166666667	0.614627286	0.963636364	0.992894936	0.384250724	0.342
0.002807492	0	0.789113194	-1	0.71641791	0.667084282	0.982	0.137599472	0.166666667	0.614627286	0.963636364	0.987755102	0.561495918	0.266
0.006119839	0	0.789113194	-1	0.71641791	0.700569476	0.979	0.137607719	0.166666667	0.614627286	0.963636364	1	0.486173295	0.356
0.003269414	0	0.789113194	-1	0.71641791	0.703189066	0.936	0.132923762	0.166666667	0.614627286	0.963636364	0.977777778	0.636291809	0.28
0.018304221	0	0.789113194	-1	0.71641791	0.571640091	1	0.118698718	0.166666667	0.614627286	0.963636364	1	0.90624177	0.288
0.03732515	0	0.705839942	1	1	0.615375854	1	0.108984456	0.208333333	0.566807314	0.668181818	1	0.706347116	0.268
0.046050517	0	0.705839942	-1	1	0.622779043	1	0.116422711	0.208333333	0.566807314	0.668181818	1	0.695812484	0.312
0.031241388	0	0.705839942	-1	1	0.558428246	0.978	0.110988331	0.208333333	0.566807314	0.668181818	1	0.771398472	0.236
0.026741308	0	0.705839942	-1	1	0.698177677	1	0.117024698	0.208333333	0.566807314	0.668181818	0.435651298	0.732156966	0.276
0.024220522	0	0.705839942	-1	1	0.641002278	1	0.12506494	0.208333333	0.566807314	0.668181818	0.426480222	0.438504082	0.312
0.026620827	0	0.705839942	-1	1	0.561047836	0.957	0.120463448	0.208333333	0.566807314	0.668181818	0.986923658	0.777719252	0.292
0.026197905	0	0.705839942	-1	1	0.590660592	0.938	0.126136973	0.208333333	0.566807314	0.668181818	0.899445704	0.745851988	0.356
0.030726981	0	0.705839942	-1	1	0.637471526	0.949	0.125815363	0.208333333	0.566807314	0.668181818	0.886495339	0.564919673	0.308
0.018618462	0	0.705839942	-1	1	0.697266515	0.973	0.133426793	0.208333333	0.566807314	0.668181818	0.939279415	0.371345799	0.43
0.016817081	0	0.705839942	-1	1	0.615489749	1	0.131249742	0.208333333	0.566807314	0.668181818	0.860670194	0.349749802	0.392
0.012661588	0	0.705839942	1	1	0.570842825	0.88	0.132783573	0.208333333	0.566807314	0.668181818	0.864902998	0.319199368	0.306
0.024154549	0	0.705839942	-1	1	0.65022779	0.985	0.133855605	0.208333333	0.566807314	0.668181818	0.659989922	0.415854622	0.388
0.015890204	0	0.705839942	1	1	0.698063781	0.96	0.144262565	0.208333333	0.566807314	0.668181818	0.808818342	0.398209112	0.34
0.039729838	0	0.705839942	1	1	0.700683371	0.826	0.143940956	0.208333333	0.566807314	0.668181818	0.221743512	0.395575454	0.312
0.02749814	0	0.705839942	-1	1	0.600455581	0.94	0.143190533	0.208333333	0.566807314	0.668181818	0.223305619	0.425072426	0.262
0.013751767	0	0.705839942	-1	0.694603904	0.790774487	0.974	0.154809714	0.208333333	0.566807314	0.668181818	0.915671454	0.120884909	0.826
0.015092126	0	0.705839942	-1	0.694603904	0.690888383	1	0.144914031	0.208333333	0.566807314	0.668181818	0.891635173	0.169344219	0.486
0.016015744	0	0.705839942	-1	1	0.741457859	1	0.145623222	0.208333333	0.566807314	0.668181818	0.917888637	0.194627337	0.466
0.014312367	0	0.705839942	1	0.694603904	0.711845103	0.926	0.148303303	0.208333333	0.566807314	0.668181818	0.853917863	0.144851198	0.54
0.016446645	0	0.705839942	-1	0.694603904	0.852961276	0.908	0.162528347	0.208333333	0.566807314	0.668181818	0.943386243	0.045562286	1
0.020609669	0	0.705839942	1	0.694603904	0.888610478	0.982	0.168284336	0.208333333	0.566807314	0.668181818	0.981632653	0.050566237	1
0.017072206	0	0.705839942	1	0.694603904	0.953872437	0.939	0.178287222	0.208333333	0.566807314	0.668181818	0.978710003	0.087437451	1
0.025201796	0	0.705839942	-1	0.694603904	0.666742597	0.918	0.199727869	0.208333333	0.566807314	0.668181818	0.995490048	0.306557809	0.454
0.032862721	0	0.705839942	-1	0.694603904	0.694874715	0.93	0.188298355	0.208333333	0.566807314	0.668181818	0.605089443	0.258361865	0.5
0.022592446	0	0.705839942	-1	0.694603904	0.903075171	0.962	0.168713149	0.208333333	0.566807314	0.668181818	0.930461073	0.097445352	1
0.020233276	0	0.705839942	-1	0.694603904	0.669362187	0.792	0.200049478	0.208333333	0.566807314	0.668181818	0.573469388	0.3197261	0.476
0.025854105	0	0.705839942	-1	0.694603904	0.719703872	0.961	0.173174453	0.208333333	0.566807314	0.668181818	0.748526077	0.292336055	0.476
0.027530171	0	0.705839942	-1	0.694603904	0.729157175	0.952	0.186574857	0.208333333	0.566807314	0.668181818	0.83154447	0.298130103	0.446
0.013570146	0	0.705839942	-1	0.694603904	0.669134396	0.946	0.200049478	0.208333333	0.566807314	0.668181818	0.736432351	0.380036871	0.348
0.026005831	0	0.705839942	-1	0.694603904	0.669703872	0.973	0.196981817	0.208333333	0.566807314	0.668181818	0.877122701	0.316829076	0.382
0.001563789	0	0.145998558	-1	0.585533869	0.634624146	0.885	0.214084855	0.208333333	0.416315049	0.754545455	1	0.386884382	0.462
0.001031512	0	0.145998558	-1	0.585533869	0.730751708	0.841	0.21822455	0.208333333	0.416315049	0.754545455	0.996472663	0.238082697	0.472
0.000949355	0	0.145998558	-1	0.585533869	0.667312073	0.687	0.222809549	0.208333333	0.416315049	0.754545455	0.990753338	0.253884646	0.452
0.000748964	0	0.145998558	-1	0.585533869	0.745558087	0.331	0.258302066	0.208333333	0.416315049	0.754545455	0.985034014	0.140373979	0.588
0.0007892	0	0.145998558	-1	0.585533869	0.685649203	0.472	0.293151363	0.208333333	0.416315049	0.754545455	0.990753338	0.266262839	0.464
0.000609714	0	0.145998558	-1	0.585533869	0.719248292	0.734	0.273574403	0.208333333	0.416315049	0.754545455	0.996724616	0.165657098	0.492
0.000746492	0	0.145998558	-1	0.585533869	0.781321185	0.744	0.240407372	0.208333333	0.416315049	0.754545455	0.985815067	0.182249144	0.598
0.000649612	0	0.088680606	-1	0.560275545	0.79498861	0.584	0.233290727	0.125	0.271448664	0.809090909	1	0.132736371	0.744
0.000740423	0	0.088680606	-1	0.560275545	0.884396355	0.833	0.226033893	0.125	0.271448664	0.809090909	0.996623835	0.199104556	0.796
0.00077414	0	0.088680606	-1	0.560275545	0.69977221	0.622	0.214233291	0.125	0.271448664	0.809090909	1	0.248880695	0.724
0.001023083	0	0.088680606	-1	0.560275545	0.814920273	0.922	0.222702346	0.125	0.271448664	0.809090909	0.992995717	0.126942323	0.758
0.001124795	0	0.088680606	-1	0.560275545	0.747494305	0.956	0.234775079	0.125	0.271448664	0.809090909	1	0.149591783	0.65
0.000933733	0	0.088680606	-1	0.560275545	0.638268793	0.898	0.246394261	0.125	0.271448664	0.809090909	0.985134795	0.36818541	0.528
0.00067962	0	0.088680606	-1	0.560275545	0.700797267	0.688	0.270457263	0.125	0.271448664	0.809090909	0.975333837	0.346326047	0.592
0.000629607	0	0.088680606	-1	0.560275545	0.89191344	0.536	0.263818909	0.125	0.271448664	0.809090909	0.989241623	0.117197788	1
0.000885068	0.45	0.124008652	-1	0.501722158	0.772437358	0.411	0.312423205	0.208333333	0.559774965	0.690909091	0.992365835	0.175928364	0.64
0.001413749	0.45	0.124008652	-1	0.501722158	0.746697039	0.291	0.376588463	0.208333333	0.559774965	0.690909091	0.96457546	0.120094812	0.596
0.000940701	0.45	0.124008652	-1	0.501722158	0.81833713	0.389	0.376588463	0.208333333	0.559774965	0.690909091	1	0.141954174	0.698
0.001019149	0.45	0.124008652	-1	0.501722158	0.791685649	0.215	0.53435039	0.208333333	0.559774965	0.690909091	0.951574704	0.134316566	0.74
0.000776725	0.45	0.124008652	-1	0.501722158	0.767539863	0.308	0.53435039	0.208333333	0.559774965	0.690909091	0.981884606	0.123518567	0.61
0.000973744	0.45	0.124008652	-1	0.501722158	0.817539863	0.263	0.53435039	0.208333333	0.559774965	0.690909091	0.983849836	0.075585989	0.728
0.000245796	0.6	0.105623648	-1	0.460390356	0.774487472	0.099	0.51289325	0.041666667	0.372714487	0.709090909	0.991106072	0.132473005	0.622
0.000161729	0.6	0.105623648	-1	0.460390356	0.752164009	0.188	0.51289325	0.041666667	0.372714487	0.709090909	0.949105568	0.115354227	0.582
0.00015521	0.8	0.016582552	-1	0.484500574	0.896924829	0.32	0.465789799	0.166666667	0.358649789	0.654545455	0.993272865	0.078219647	1
0.000450795	0.8	0.054794521	-1	0.463834673	0.829954442	0.341	0.602729559	0.083333333	0.462728551	0.572727273	1	0.107453253	0.666
0.00052441	0.8	0.054794521	-1	0.463834673	0.809453303	0.366	0.602729559	0.083333333	0.462728551	0.572727273	0.892693374	0.226757967	0.606
0.000423484	0.8	0.054794521	-1	0.463834673	0.828473804	0.383	0.602729559	0.083333333	0.462728551	0.572727273	0.988158226	0.17434817	0.692
0.000354027	0.95	0.052992069	-1	0.462686567	0.794419134	0.153	0.631130169	0.125	0.565400844	0.772727273	1	0.120094812	0.698
0.000199829	0.95	0.052992069	-1	0.462686567	0.812642369	0.139	0.631130169	0.125	0.565400844	0.772727273	0.968253968	0.117197788	0.658
0.000387182	0.825	0.073179524	-1	0.476463835	0.701822323	0.384	0.517049437	0.083333333	0.489451477	0.668181818	0.992113883	0.195680801	0.482
0.000244672	0.825	0.073179524	-1	0.476463835	0.866742597	0.157	0.517049437	0.083333333	0.489451477	0.668181818	0.99617032	0.081906769	0.846
0.000394488	0.95	0.096611391	-1	0.477726751	0.894419134	0.332	0.42205088	0.166666667	0.315049226	0.668181818	0.989619552	0.100342376	0.97
0.000225791	0.95	0.096611391	-1	0.477726751	0.915034169	0.319	0.42205088	0.166666667	0.315049226	0.668181818	0.984001008	0.075849355	1
0.001533219	0	0.381759193	-1	0.561423651	0.67095672	0.223	0.325353565	0.166666667	0.389592124	0.845454545	1	0.286278641	0.452
0.002581477	0	0.381759193	-1	0.561423651	0.720501139	0.525	0.359122583	0.166666667	0.389592124	0.845454545	0.994885362	0.288912299	0.488
0.002832106	0	0.381759193	-1	0.561423651	0.658656036	0.727	0.359122583	0.166666667	0.389592124	0.845454545	0.981179138	0.475638662	0.45
0.001527038	0	0.381759193	1	0.561423651	0.690660592	0.591	0.349581495	0.166666667	0.389592124	0.845454545	0.96074578	0.386094285	0.488
0.004896927	0	0.381759193	1	0.561423651	0.608656036	1	0.319548097	0.166666667	0.389592124	0.845454545	1	0.608111667	0.4
0.001960749	0	0.381759193	1	0.561423651	0.67881549	0.921	0.319721272	0.166666667	0.389592124	0.845454545	0.990803729	0.454832763	0.434
0.004223377	0	0.381759193	1	0.561423651	0.615489749	0.886	0.302230652	0.166666667	0.389592124	0.845454545	0.995817586	0.631551225	0.386
0.00244099	0	0.381759193	1	0.561423651	0.661389522	0.538	0.301208098	0.166666667	0.389592124	0.845454545	0.984983623	0.422175402	0.448
0.001579299	0	0.381759193	-1	0.561423651	0.726082005	0.323	0.325353565	0.166666667	0.389592124	0.845454545	0.972058453	0.247037135	0.562
0.003254241	0	0.381759193	-1	0.561423651	0.616400911	0.098	0.29583969	0.166666667	0.389592124	0.845454545	0.879138322	0.778245984	0.474
0.002225539	0	0.381759193	-1	0.561423651	0.704100228	0.424	0.325353565	0.166666667	0.389592124	0.845454545	0.991761149	0.249407427	0.5
0.000512497	0	0.500720981	1	0.631458094	0.670615034	0.56	0.256636292	0.208333333	0.388185654	0.745454545	0.989669942	0.355807216	0.466
0.000788188	0	0.500720981	-1	0.631458094	0.756492027	0.851	0.282117676	0.208333333	0.388185654	0.745454545	0.989619552	0.255201475	0.574
0.001244041	0	0.500720981	1	0.631458094	0.677790433	0.938	0.238263308	0.208333333	0.388185654	0.745454545	1	0.471951541	0.43
0.001284051	0	0.500720981	1	0.631458094	0.725854214	0.924	0.277351256	0.208333333	0.388185654	0.745454545	0.992038297	0.276534106	0.46
0.004024559	0	0.223503965	1	0.582089552	0.791685649	0.885	0.235987301	0.333333333	0.431786217	0.790909091	0.986898463	0.255728206	0.534
0.004582237	0	0.223503965	1	0.582089552	0.702050114	0.913	0.251350348	0.333333333	0.431786217	0.790909091	0.995817586	0.565183039	0.434
0.007008166	0	0.223503965	1	0.582089552	0.783485194	0.777	0.269830536	0.333333333	0.431786217	0.790909091	0.983597884	0.261522254	0.55
0.006908589	0	0.223503965	-1	0.582089552	0.753758542	0.808	0.269830536	0.333333333	0.431786217	0.790909091	1	0.200158019	0.602
0.003543981	0	0.223503965	-1	0.578645235	0.941457859	0.783	0.238683874	0.333333333	0.431786217	0.790909091	0.970143613	0.109033447	0.896
0.005922145	0	0.223503965	-1	0.578645235	0.993735763	0.83	0.238683874	0.333333333	0.431786217	0.790909091	0.962459058	0.121938372	1
0.004294856	0	0.223503965	-1	0.578645235	0.91571754	0.865	0.265179565	0.333333333	0.431786217	0.790909091	0.976014109	0.0824335	0.752
0.004634723	0	0.223503965	-1	0.578645235	0.815831435	0.799	0.265179565	0.333333333	0.431786217	0.790909091	0.937465357	0.167500658	0.632
0.003351346	0	0.223503965	-1	0.578645235	0.875398633	0.17	0.278324331	0.333333333	0.431786217	0.790909091	0.951146384	0.1032394	0.934
0.004965148	0	0.223503965	-1	0.578645235	0.746241458	0.214	0.278324331	0.333333333	0.431786217	0.790909091	0.958276644	0.099025546	0.63
0.006035322	0	0.223503965	-1	0.578645235	0.681207289	0.681	0.302766668	0.333333333	0.431786217	0.790909091	0.953262787	0.306821175	0.486
0.005203189	0	0.223503965	-1	0.578645235	0.844191344	0.769	0.302766668	0.333333333	0.431786217	0.790909091	0.947694633	0.138267053	0.634
0.006465662	0	0.223503965	-1	0.582089552	0.949544419	0.733	0.316529914	0.333333333	0.431786217	0.790909091	0.972310406	0.065051356	0.834
0.003725378	0	0.223503965	-1	0.582089552	0.93929385	0.704	0.301150373	0.333333333	0.431786217	0.790909091	0.954774502	0.104029497	0.966
0.005034043	0	0.223503965	1	0.582089552	0.766059226	0.665	0.301150373	0.333333333	0.431786217	0.790909091	0.907533384	0.212009481	0.58
0.003713915	0	0.223503965	-1	0.582089552	0.693166287	0.615	0.301150373	0.333333333	0.431786217	0.790909091	0.949231544	0.286542007	0.48
0.005850778	0	0.223503965	1	0.582089552	0.75523918	0.765	0.342060776	0.333333333	0.431786217	0.790909091	0.978710003	0.251250988	0.502
0.005752437	0	0.223503965	-1	0.582089552	0.838041002	0.716	0.342060776	0.333333333	0.431786217	0.790909091	0.982791635	0.124572031	0.63
0.00092654	0.3	0.177721702	-1	0.491389208	0.738154897	0.185	0.510444069	0.25	0.421940928	0.754545455	0.955933485	0.167500658	0.474
0.001039829	0.3	0.177721702	-1	0.491389208	0.7523918	0.422	0.510444069	0.25	0.421940928	0.754545455	0.966943815	0.194100606	0.466
0.001273262	0.3	0.177721702	-1	0.491389208	0.785535308	0.543	0.522500309	0.25	0.421940928	0.754545455	0.985764676	0.299710298	0.44
0.001192678	0.3	0.177721702	-1	0.491389208	0.694191344	0.651	0.522500309	0.25	0.421940928	0.754545455	0.99425548	0.326573611	0.402
0.001156489	0.3	0.177721702	-1	0.491389208	0.724145786	0.529	0.580175648	0.25	0.421940928	0.754545455	0.939153439	0.295496445	0.444
0.001433754	0.3	0.177721702	-1	0.491389208	0.728132118	0.078	0.580175648	0.25	0.421940928	0.754545455	0.944091711	0.136686858	0.474
0.002316125	0.22	0.211247296	-1	0.494833525	0.637015945	0.765	0.655993073	0.291666667	0.464135021	0.868181818	0.938498362	0.329207269	0.352
0.00215035	0.22	0.211247296	-1	0.494833525	0.638382688	0.702	0.655993073	0.291666667	0.464135021	0.868181818	0.98042328	0.486173295	0.37
0.003819336	0.22	0.211247296	-1	0.494833525	0.695671982	0.349	0.664288954	0.291666667	0.464135021	0.868181818	0.983068783	0.241243087	0.486
0.002209242	0.22	0.211247296	-1	0.494833525	0.709111617	0.792	0.664288954	0.291666667	0.464135021	0.868181818	0.947694633	0.267316302	0.41
0.001847573	0.22	0.211247296	-1	0.494833525	0.732687927	0.491	0.645404692	0.291666667	0.464135021	0.868181818	0.944091711	0.250724256	0.49
0.002143607	0.22	0.211247296	-1	0.494833525	0.765148064	0.175	0.645404692	0.291666667	0.464135021	0.868181818	0.992038297	0.172767975	0.524
0.001576826	0.22	0.211247296	-1	0.494833525	0.738838269	0.13	0.609961654	0.291666667	0.464135021	0.868181818	0.998437894	0.155385831	0.488
0.002406149	0.22	0.211247296	-1	0.494833525	0.733257403	0.089	0.609961654	0.291666667	0.464135021	0.868181818	0.950037793	0.094548328	0.496
0.000923955	0.22	0.211247296	-1	0.494833525	0.792369021	0.068	0.734482332	0.291666667	0.464135021	0.868181818	0.97276392	0.092968133	0.592
0.004146502	0.22	0.211247296	-1	0.494833525	0.940660592	0.084	0.734482332	0.291666667	0.464135021	0.868181818	1	0.093231499	0.856
0.000541606	0.8	0.131218457	-1	0.450057405	0.695671982	0.32	0.76034305	0.041666667	0.443037975	0.745454545	0.989896699	0.173031341	0.438
0.000398758	0.8	0.131218457	-1	0.450057405	0.669248292	0.191	0.76034305	0.041666667	0.443037975	0.745454545	0.995666415	0.243613379	0.418
0.000172855	0.9	0.13518385	-1	0.452353617	0.848974943	0.342	0.522500309	0.125	0.343178622	0.722727273	0.973393802	0.081906769	0.88
0.006873074	0.2	0.143114636	-1	0.74282434	0.991343964	0.869	0.148517709	0.208333333	0.371308017	0.590909091	0.98185941	0.134843297	1
0.007457163	0.2	0.143114636	-1	0.74282434	0.835193622	1	0.156236342	0.208333333	0.371308017	0.590909091	0.965709247	0.20516197	0.72
0.007380063	0.2	0.143114636	-1	0.74282434	0.779271071	1	0.165810415	0.208333333	0.371308017	0.590909091	0.987477954	0.181722412	0.602
0.006070275	0.2	0.143114636	-1	0.74282434	0.820387244	0.818	0.174172267	0.208333333	0.371308017	0.590909091	0.989669942	0.252567817	0.676
0.006002954	0.2	0.143114636	-1	0.74282434	0.856492027	0.894	0.176456521	0.208333333	0.371308017	0.590909091	0.97850844	0.191203582	0.862
0.005845833	0.2	0.143114636	-1	0.74282434	0.956492027	0.915	0.188718921	0.208333333	0.371308017	0.590909091	0.974703956	0.155649197	0.976
0.009275065	0.2	0.143114636	-1	0.74282434	0.834510251	0.945	0.171426215	0.208333333	0.371308017	0.590909091	0.991232048	0.296286542	0.62
0.006182215	0.2	0.143114636	-1	0.74282434	0.820728929	0.916	0.159163815	0.208333333	0.371308017	0.590909091	0.977299068	0.21332631	0.73
0.008559817	0.2	0.143114636	-1	0.74282434	0.633257403	0.628	0.163814786	0.208333333	0.371308017	0.590909091	0.988662132	0.275217277	0.456
0.008830451	0.2	0.143114636	-1	0.74282434	0.798861048	0.846	0.175887519	0.208333333	0.371308017	0.590909091	0.967674477	0.389518041	0.614
0.00649994	0.2	0.143114636	-1	0.660160735	0.94498861	0.67	0.199694883	0.208333333	0.371308017	0.590909091	0.968858655	0.195944166	1
0.006074658	0.2	0.143114636	-1	0.660160735	0.850797267	0.526	0.23683668	0.208333333	0.371308017	0.590909091	0.983371126	0.083223598	0.87
0.001018812	0.2	0.250901226	1	0.53272101	0.674259681	0.615	0.323052818	0.125	0.313642757	0.845454545	0.985991434	0.359494338	0.414
0.003362247	0.2	0.250901226	-1	0.53272101	0.666970387	0.421	0.365233167	0.125	0.313642757	0.845454545	0.979213908	0.34237556	0.422
0.001821948	0.2	0.250901226	-1	0.53272101	0.71070615	0.163	0.365233167	0.125	0.313642757	0.845454545	1	0.173558072	0.504
0.001287985	0.2	0.250901226	-1	0.53272101	0.744646925	0.587	0.323052818	0.125	0.313642757	0.845454545	0.995112119	0.203581775	0.488
0.002493701	0.2	0.250901226	1	0.53272101	0.875968109	0.518	0.360079165	0.125	0.313642757	0.845454545	0.984555304	0.173294706	0.704
0.000634327	0.4	0.231074261	1	0.513203215	0.769703872	0.329	0.336255309	0.166666667	0.357243319	0.8	1	0.092968133	0.648
0.00107939	0.4	0.231074261	-1	0.513203215	0.780637813	0.428	0.351898734	0.166666667	0.357243319	0.8	1	0.078483013	0.64
0.001176607	0.4	0.231074261	1	0.513203215	0.827676538	0.49	0.394771781	0.166666667	0.357243319	0.8	0.980725624	0.159336318	0.664
0.000688611	0.4	0.231074261	1	0.513203215	0.777448747	0.276	0.401006061	0.166666667	0.357243319	0.8	0.991307634	0.109560179	0.662
0.000896644	0.4	0.231074261	-1	0.513203215	0.738268793	0.321	0.341425803	0.166666667	0.357243319	0.8	1	0.189360021	0.582
0.002364453	0.2	0.120043259	-1	0.508495982	0.775854214	0.322	0.338160228	0.208333333	0.303797468	0.677272727	1	0.12773242	0.702
0.00040213	0.2	0.120043259	-1	0.508495982	0.890660592	0.645	0.387143858	0.208333333	0.303797468	0.677272727	0.975837743	0.099025546	0.908
0.000416403	0.2	0.120043259	-1	0.508495982	0.793621868	0.372	0.432499072	0.208333333	0.303797468	0.677272727	0.988233812	0.120884909	0.708
0.000688836	0.2	0.120043259	1	0.508495982	0.870728929	0.497	0.429794252	0.208333333	0.303797468	0.677272727	0.950037793	0.07927311	0.92
0.000168697	0.9	0.043619322	1	0.460390356	0.9023918	0.248	0.485300788	0.041666667	0.278481013	0.618181818	0.996523054	0.083223598	1
0.000101825	0.9	0.107065609	-1	0.45924225	0.807289294	0.208	0.60258937	0.041666667	0.400843882	0.695454545	0.994507433	0.206742165	0.644
0.000123179	0.55	0.08111031	-1	0.446613088	0.734965831	0.319	0.60258937	0.041666667	0.421940928	0.695454545	0.994507433	0.216750066	0.44
0.000220846	0.8	0.063446287	-1	0.442020666	0.709567198	0.315	0.749532017	0.041666667	0.338959212	0.827272727	0.860670194	0.340531999	0.402
0.00043506	0.525	0.191780822	-1	0.464982778	0.707175399	0.313	0.603405764	0.25	0.41209564	0.754545455	1	0.188043192	0.464
0.000515868	0.525	0.191780822	-1	0.464982778	0.719248292	0.456	0.603405764	0.25	0.41209564	0.754545455	1	0.200158019	0.446
0.000482938	0.525	0.191780822	-1	0.464982778	0.747722096	0.229	0.603405764	0.25	0.41209564	0.754545455	0.936558327	0.25046089	0.496
0.000393588	0.8	0.178442682	-1	0.471871412	0.78143508	0.279	0.421943677	0.166666667	0.344585091	0.872727273	1	0.087700816	0.57
0.000886304	0.8	0.178442682	-1	0.471871412	0.814123007	0.277	0.421943677	0.166666667	0.344585091	0.872727273	1	0.09375823	0.746
0.000406288	0.8	0.178442682	-1	0.471871412	0.755125285	0.234	0.421943677	0.166666667	0.344585091	0.872727273	1	0.123781933	0.558
0.0009289	0	0.501802451	-1	0.501722158	0.697835991	0.184	0.453774791	0.166666667	0.406469761	0.727272727	1	0.225967869	0.478
0.000921482	0	0.501802451	-1	0.501722158	0.684396355	0.423	0.453774791	0.166666667	0.406469761	0.727272727	1	0.273900448	0.434
0.001453422	0	0.501802451	-1	0.501722158	0.760592255	0.311	0.491518575	0.166666667	0.406469761	0.727272727	1	0.165130366	0.572
0.000603757	0	0.501802451	-1	0.501722158	0.745899772	0.51	0.491518575	0.166666667	0.406469761	0.727272727	0.989795918	0.194627337	0.542
0.001585031	0	0.501802451	-1	0.501722158	0.659453303	0.58	0.521172638	0.166666667	0.406469761	0.727272727	1	0.417171451	0.406
0.000726711	0.7	0.08074982	-1	0.45924225	0.722665148	0.201	0.645511895	0.208333333	0.503516174	0.672727273	0.927790375	0.13089281	0.45
0.000624999	0.7	0.08074982	-1	0.45924225	0.801936219	0.1	0.645511895	0.208333333	0.503516174	0.672727273	0.936205593	0.124835396	0.58
0.000496425	0.7	0.08074982	-1	0.45924225	0.782574032	0.474	0.645511895	0.208333333	0.503516174	0.672727273	0.984782061	0.15986305	0.496
0.000397522	0.34	0.219538572	-1	0.497129736	0.750569476	0.404	0.452867686	0.291666667	0.462728551	0.731818182	0.997102545	0.250197524	0.44
0.001041402	0.34	0.219538572	-1	0.497129736	0.739749431	0.184	0.452867686	0.291666667	0.462728551	0.731818182	0.966515495	0.228338162	0.528
0.001123896	0.34	0.219538572	-1	0.497129736	0.795216401	0.177	0.452867686	0.291666667	0.462728551	0.731818182	0.983698665	0.127995786	0.662
0.000619829	0.33	0.078586878	-1	0.541905855	0.824145786	0.411	0.331670309	0.291666667	0.312236287	0.836363636	0.991887125	0.18251251	0.722
0.000615783	0.33	0.078586878	-1	0.541905855	0.753530752	0.581	0.277903764	0.291666667	0.312236287	0.836363636	0.991080877	0.235185673	0.568
0.000843259	0.33	0.078586878	-1	0.541905855	0.845102506	0.719	0.255572506	0.291666667	0.312236287	0.836363636	1	0.170397682	0.668
0.000554306	0.33	0.078586878	-1	0.541905855	0.780068337	0.703	0.262458253	0.291666667	0.312236287	0.836363636	1	0.198314459	0.564
0.005540583	0	0.356885364	-1	0.62456946	0.755694761	0.825	0.273574403	0.166666667	0.427566807	0.836363636	1	0.11956808	0.456
0.003926893	0	0.356885364	-1	0.62456946	0.680182232	0.767	0.255844638	0.166666667	0.427566807	0.836363636	0.998337113	0.262575718	0.406
0.029620056	0	0.356885364	-1	0.62456946	0.566400911	0.378	0.207759865	0.166666667	0.427566807	0.836363636	0.882968002	0.33289439	0.322
0.008883387	0	0.356885364	-1	0.62456946	0.697266515	0.528	0.217729765	0.166666667	0.427566807	0.836363636	1	0.157492757	0.442
0.002941124	0	0.356885364	-1	0.62456946	0.685990888	0.904	0.233703047	0.166666667	0.427566807	0.836363636	0.998488284	0.308664735	0.388
0.003027551	0	0.356885364	-1	0.62456946	0.713667426	0.828	0.269063621	0.166666667	0.427566807	0.836363636	0.991156463	0.208058994	0.432
0.004149424	0	0.356885364	-1	0.62456946	0.747949886	0.873	0.297060158	0.166666667	0.427566807	0.836363636	0.996951373	0.244403476	0.476
0.002849751	0	0.356885364	-1	0.62456946	0.64977221	0.777	0.325320579	0.166666667	0.427566807	0.836363636	0.998790627	0.302870687	0.324
0.003577024	0	0.356885364	-1	0.62456946	0.67357631	0.832	0.329740651	0.166666667	0.427566807	0.836363636	0.984378937	0.482749539	0.356
0.002756018	0	0.356885364	-1	0.62456946	0.658542141	0.717	0.33247021	0.166666667	0.427566807	0.836363636	1	0.419805109	0.396
0.004518287	0	0.356885364	-1	0.62456946	0.726879271	0.672	0.291304169	0.166666667	0.427566807	0.836363636	0.995742001	0.272846984	0.462
0.005343789	0	0.356885364	-1	0.62456946	0.696241458	0.588	0.330012782	0.166666667	0.427566807	0.836363636	0.998311917	0.335264683	0.42
0.00188365	0	0.266041817	-1	0.566016073	0.731890661	0.523	0.374419659	0.208333333	0.403656821	0.890909091	1	0.189623387	0.476
0.002040883	0	0.266041817	-1	0.566016073	0.7261959	0.543	0.374419659	0.208333333	0.403656821	0.890909091	1	0.180932315	0.462
0.003946449	0	0.266041817	-1	0.566016073	0.688041002	0.499	0.389320909	0.208333333	0.403656821	0.890909091	1	0.202791678	0.408
0.003190966	0	0.266041817	-1	0.566016073	0.650113895	0.743	0.389320909	0.208333333	0.403656821	0.890909091	0.985462333	0.309191467	0.37
0.003833497	0	0.266041817	-1	0.566016073	0.730637813	0.401	0.389320909	0.208333333	0.403656821	0.890909091	1	0.161179879	0.5
0.002156307	0	0.266041817	-1	0.566016073	0.732460137	0.147	0.446616913	0.208333333	0.403656821	0.890909091	0.991887125	0.133789834	0.492
0.003410687	0	0.266041817	-1	0.566016073	0.718906606	0.289	0.446616913	0.208333333	0.403656821	0.890909091	1	0.161969976	0.46
0.002708927	0	0.266041817	-1	0.566016073	0.692824601	0.437	0.446616913	0.208333333	0.403656821	0.890909091	1	0.336844878	0.444
0.000743682	0	0.116798846	-1	0.528128588	0.66833713	0.258	0.430016905	0.166666667	0.604781997	0.768181818	0.963567649	0.262575718	0.386
0.000755708	0	0.116798846	-1	0.528128588	0.721298405	0.172	0.430016905	0.166666667	0.604781997	0.768181818	0.945351474	0.193310508	0.452
0.000510698	0	0.116798846	-1	0.528128588	0.69977221	0.322	0.484360698	0.166666667	0.604781997	0.768181818	0.928621819	0.239399526	0.396
0.000564533	0.35	0.218457102	-1	0.502755454	0.649886105	0.284	0.547618851	0.041666667	0.427566807	0.768181818	0.992743764	0.327363708	0.342
0.000389542	0.35	0.218457102	-1	0.502755454	0.68690205	0.233	0.547618851	0.041666667	0.427566807	0.768181818	0.912698413	0.206215433	0.388
0.000571276	0	0.187094448	-1	0.591274397	0.719362187	0.381	0.53258566	0.208333333	0.315049226	0.918181818	0.981884606	0.149591783	0.444
0.000420112	0	0.187094448	-1	0.591274397	0.718678815	0.385	0.53258566	0.208333333	0.315049226	0.918181818	0.981103553	0.177771925	0.414
0.000445175	0	0.187094448	-1	0.591274397	0.687585421	0.345	0.493571929	0.208333333	0.315049226	0.918181818	1	0.210956018	0.422
0.000385159	0	0.187094448	-1	0.591274397	0.668451025	0.463	0.431377562	0.208333333	0.315049226	0.918181818	1	0.258098499	0.39
0.000341777	0	0.187094448	-1	0.591274397	0.671412301	0.596	0.463035501	0.208333333	0.315049226	0.918181818	0.99473419	0.278114301	0.37
0.00037156	0	0.187094448	-1	0.591274397	0.690091116	0.373	0.396833381	0.208333333	0.315049226	0.918181818	0.99808516	0.224124309	0.412
0.000617806	0	0.187094448	-1	0.591274397	0.68166287	0.454	0.396833381	0.208333333	0.315049226	0.918181818	1	0.256518304	0.38
0.000691308	0	0.187094448	-1	0.591274397	0.679726651	0.585	0.396833381	0.208333333	0.315049226	0.918181818	1	0.244666842	0.374
0.000146219	0.35	0.054794521	-1	0.507462687	0.824715262	0.493	0.580373562	0.041666667	0.399437412	0.704545455	0.994557823	0.144587832	0.654
0.000280749	0	0.06813266	-1	0.594718714	0.744874715	0.597	0.516793799	0.041666667	0.593530239	0.722727273	0.982514487	0.22781143	0.33
0.000285807	0.55	0.136265321	-1	0.555683123	0.762642369	0.564	0.472692038	0.208333333	0.520393812	0.8	1	0.189096655	0.478
0.000342676	0.55	0.136265321	-1	0.555683123	0.782915718	0.281	0.533162908	0.208333333	0.520393812	0.8	0.97750063	0.121411641	0.624
0.000349869	0	0.158255227	-1	0.507462687	0.684965831	0.485	0.660833711	0.125	0.495077356	0.854545455	0.971630134	0.277324203	0.35
0.000692545	0	0.158255227	-1	0.507462687	0.671753986	0.523	0.660833711	0.125	0.495077356	0.854545455	0.918644495	0.333684488	0.344
0.000210169	0.85	0.149603461	-1	0.492537313	0.74214123	0.277	0.703855193	0.166666667	0.493670886	0.813636364	0.988737717	0.167500658	0.462
0.000168697	0.8	0.072458544	-1	0.499425947	0.755694761	0.297	0.688079825	0.166666667	0.393811533	0.772727273	0.984983623	0.157756123	0.49
0.000325817	0.4	0.045061283	-1	0.492537313	0.790318907	0.345	0.725031955	0.041666667	0.47116737	0.895454545	0.982237339	0.155122465	0.532
0.000698052	0.4	0.045061283	-1	0.492537313	0.739179954	0.444	0.725031955	0.041666667	0.47116737	0.895454545	1	0.157492757	0.458
0.000893497	0.6	0.060922855	-1	0.471871412	0.749316629	0.359	0.883214448	0.166666667	0.578059072	0.831818182	0.934189972	0.144587832	0.482
0.00081415	0.6	0.060922855	-1	0.471871412	0.670159453	0.185	0.883214448	0.166666667	0.578059072	0.831818182	0.988485765	0.20516197	0.372
0.000192074	0.9	0.072819034	-1	0.470723307	0.766287016	0.361	1	0.208333333	0.263009845	0.772727273	0.968657092	0.118514617	0.602
0.000483388	0.8	0.068853641	-1	0.474167623	0.64498861	0.219	0.87293943	0.166666667	0.4697609	1	0.964474679	0.212009481	0.364
0.001197961	0.8	0.068853641	-1	0.474167623	0.676082005	0.195	0.87293943	0.166666667	0.4697609	1	0.947442681	0.146694759	0.412
0.100959133	0	0.652487383	1	0.884041332	0.707517084	0.974	0.175005154	1	0.936708861	0.918181818	0.95170068	0.463523835	0.356
0.043266626	0	0.652487383	1	0.884041332	0.728359909	0.91	0.206588876	1	0.936708861	0.918181818	0.985991434	0.349486437	0.434
0.058462488	0	0.652487383	1	0.884041332	0.697835991	0.834	0.224524801	1	0.936708861	0.918181818	0.996296296	0.302343956	0.454
0.047892695	0	0.652487383	-1	0.884041332	0.696127563	0.813	0.206910485	1	0.936708861	0.918181818	0.984479718	0.333684488	0.452
0.05104646	0	0.652487383	-1	0.884041332	0.728701595	0.88	0.207660908	1	0.936708861	0.918181818	0.943713782	0.20516197	0.5
0.043122093	0	0.652487383	-1	0.884041332	0.711958998	0.911	0.18929617	1	0.936708861	0.918181818	0.883471907	0.373716092	0.398
0.041339369	0	0.652487383	-1	0.884041332	0.61070615	0.962	0.173471323	1	0.936708861	0.918181818	0.959410431	0.268369766	0.416
0.047455275	0	0.652487383	1	0.884041332	0.660933941	0.89	0.157069229	1	0.936708861	0.918181818	0.889493575	0.385567553	0.336
0.039047296	0	0.652487383	1	0.824339839	1	0.829	0.157069229	1	0.936708861	0.918181818	0.89329806	0.139320516	0.438
0.051203243	0	0.652487383	-1	0.824339839	0.405580866	0.879	0.133030965	1	0.936708861	0.918181818	0.893675989	0.18751646	0.55
0.041549875	0	0.652487383	-1	0.824339839	0.565261959	0.914	0.144501711	1	0.936708861	0.918181818	0.796245906	0.368712141	0.438
0.151975472	0	0.652487383	-1	0.72445465	0.439977221	1	0.124570156	1	0.936708861	0.918181818	0.33111615	0.351066632	0.462
0.055050901	0	0.652487383	-1	0.72445465	0.566059226	1	0.109883313	1	0.936708861	0.918181818	0.946132527	0.085857256	1
0.063724681	0	0.652487383	1	0.72445465	0.761161731	0.968	0.111878943	1	0.936708861	0.918181818	0.945653817	0.098235449	1
0.073488866	0	0.652487383	1	0.72445465	0.799088838	0.975	0.099154744	1	0.936708861	0.918181818	0.987780297	0.077956281	1
0.103761455	0	0.652487383	-1	0.72445465	0.707972665	1	0.096408692	1	0.936708861	0.918181818	0.922524565	0.250987622	1
0.092915296	0	0.652487383	1	0.766934558	0.669134396	0.896	0.093151363	1	0.936708861	0.918181818	0.876492819	0.233868844	1
0.124843497	0	0.652487383	-1	0.766934558	0.558769932	1	0.096829258	1	0.936708861	0.918181818	1	0.915722939	0.276
0.20790054	0	0.652487383	-1	0.766934558	0.471298405	1	0.093761597	1	0.936708861	0.918181818	1	1	0.276
0.220385901	0	0.652487383	-1	0.770378875	0.832915718	0.979	0.108547396	1	0.936708861	0.918181818	1	0.353963656	0.3
0.171821229	0	0.652487383	-1	0.770378875	0.757289294	0.933	0.110905867	1	0.936708861	0.918181818	0.914638448	0.612062154	0.278
0.110405816	0	0.652487383	-1	0.770378875	0.7738041	0.988	0.111986146	1	0.936708861	0.918181818	1	0.559388991	0.266
0.265781186	0	0.652487383	-1	0.770378875	0.726651481	0.962	0.114303385	1	0.936708861	0.918181818	1	0.623913616	0.262
0.200803136	0	0.652487383	-1	0.770378875	0.708769932	1	0.114303385	1	0.936708861	0.918181818	0.992038297	0.573610745	0.204
1	0	0.652487383	-1	0.770378875	0.793621868	0.919	0.116810292	1	0.936708861	0.918181818	1	0.453252568	0.208
0.178411755	0	0.652487383	-1	0.770378875	0.745444191	0.991	0.125279347	1	0.936708861	0.918181818	1	0.555175138	0.218
0.103252555	0	0.652487383	-1	0.803673938	0.630523918	1	0.130326145	1	0.936708861	0.918181818	1	0.621543324	0.226
0.089827167	0	0.652487383	-1	0.803673938	0.628701595	1	0.126425597	1	0.936708861	0.918181818	1	0.646826442	0.246
0.225733398	0	0.652487383	-1	0.803673938	0.497494305	0.912	0.118706964	1	0.936708861	0.918181818	0.720156211	0.806689492	0.176
0.188947157	0	0.652487383	-1	0.803673938	0.601025057	0.981	0.117601946	1	0.936708861	0.918181818	1	0.811430076	0.144
0.274160955	0	0.652487383	-1	0.803673938	0.529840547	1	0.120991218	1	0.936708861	0.918181818	1	0.744798525	0.21
0.253967915	0	0.652487383	-1	0.803673938	0.569476082	0.895	0.125213376	1	0.936708861	0.918181818	1	0.842507243	0.148
0.161095889	0	0.652487383	-1	0.803673938	0.555808656	1	0.131076568	1	0.936708861	0.918181818	0.939581759	0.806426126	0.204
0.091617084	0	0.652487383	-1	0.803673938	0.613895216	0.989	0.142506082	1	0.936708861	0.918181818	1	0.549117725	0.23
0.078247329	0	0.652487383	-1	0.803673938	0.650683371	0.97	0.158866944	1	0.936708861	0.918181818	0.99377677	0.45061891	0.302
0.05948838	0	0.652487383	-1	0.803673938	0.689179954	0.825	0.178765514	1	0.936708861	0.918181818	0.953338372	0.494074269	0.464
0.130123561	0	0.652487383	-1	0.803673938	0.57357631	0.97	0.145961324	1	0.936708861	0.918181818	1	0.676323413	0.194
0.097158116	0	0.652487383	-1	0.795637199	0.705353075	0.926	0.147709562	1	0.936708861	0.918181818	1	0.399525942	0.276
0.150150265	0	0.652487383	-1	0.795637199	0.670501139	0.947	0.146959139	1	0.936708861	0.918181818	1	0.430603108	0.254
0.097967209	0	0.652487383	-1	0.795637199	0.737015945	0.988	0.142308168	1	0.936708861	0.918181818	0.98760393	0.450882275	0.262
0.065995738	0	0.652487383	-1	0.795637199	0.729498861	0.96	0.138275677	1	0.936708861	0.918181818	1	0.510139584	0.25
0.08622553	0	0.652487383	-1	0.795637199	0.654555809	0.989	0.134696739	1	0.936708861	0.918181818	0.9904258	0.524624704	0.17
0.431034366	0	0.652487383	-1	0.795637199	0.621070615	1	0.122838412	1	0.936708861	0.918181818	1	0.805636028	0.1
0.111451714	0	0.652487383	-1	0.795637199	0.666514806	0.778	0.123729023	1	0.936708861	0.918181818	0.852003023	0.789307348	0.126
0.281492129	0	0.652487383	-1	0.795637199	0.681890661	1	0.131018843	1	0.936708861	0.918181818	1	0.705030287	0.112
0.16000009	0	0.652487383	-1	0.795637199	0.722437358	1	0.129806622	1	0.936708861	0.918181818	1	0.535159336	0.144
0.107845806	0	0.652487383	-1	0.795637199	0.729384966	1	0.135158537	1	0.936708861	0.918181818	0.947619048	0.534895971	0.242
0.278745327	0	0.652487383	-1	0.795637199	0.609225513	0.96	0.140419742	1	0.936708861	0.918181818	1	0.520674216	0.166
0.46674504	0	0.652487383	-1	0.795637199	0.629954442	0.854	0.132552674	1	0.936708861	0.918181818	0.830083144	0.721095602	0.17
0.76335919	0	0.652487383	-1	0.795637199	0.647266515	1	0.117544221	1	0.936708861	0.918181818	0.969942051	0.605214643	0.1
0.232828554	0	0.652487383	-1	0.756601607	0.471298405	1	0.097150868	1	0.936708861	0.918181818	0.932779038	0.614695812	0.238
0.134317941	0	0.652487383	-1	0.756601607	0.638724374	1	0.105982765	1	0.936708861	0.918181818	0.836709499	0.319462734	0.558
0.083212027	0	0.652487383	-1	0.685419059	0.639749431	0.979	0.119960417	1	0.936708861	0.918181818	0.792743764	0.695285752	0.344
0.162271484	0	0.652487383	-1	0.685419059	0.780410023	1	0.120851029	1	0.936708861	0.918181818	0.451902242	0.520937582	0.55
0.574713238	0	0.652487383	-1	0.685419059	0.655694761	1	0.116521667	1	0.936708861	0.918181818	0.006550768	0.266262839	0.3
0.157915263	0	0.652487383	-1	0.685419059	0.758200456	1	0.125963798	1	0.936708861	0.918181818	0.088309398	0.55886226	0.344
0.211416087	0	0.652487383	-1	0.685419059	0.527107062	1	0.128140849	1	0.936708861	0.918181818	0.072537163	0.905188307	0.358
0.322061405	0	0.652487383	-1	0.685419059	0.587129841	1	0.131068321	1	0.936708861	0.918181818	0.53154447	0.528838557	0.326
0.514138612	0	0.652487383	-1	0.795637199	0.514692483	1	0.136741846	1	0.936708861	0.918181818	0.222398589	0.973926784	0.14
0.203252106	0	0.652487383	-1	0.77956372	0.732801822	1	0.151296747	1	0.936708861	0.918181818	0.068657092	0.765077693	0.144
0.121765146	0	0.652487383	-1	0.77956372	0.772437358	0.908	0.150043294	1	0.936708861	0.918181818	0.054346183	0.679220437	0.15
0.29154538	0	0.652487383	-1	0.77956372	0.604100228	0.891	0.135859481	1	0.936708861	0.918181818	0.320886873	0.701606531	0.208
0.826446848	0	0.652487383	-1	0.77956372	0.678473804	1	0.148649652	1	0.936708861	0.918181818	0.041446208	0.543060311	0.176
0.132757973	0	0.652487383	-1	0.824339839	0.777220957	0.765	0.147940461	1	0.936708861	0.918181818	0.122071051	0.598893864	0.168
0.124610851	0	0.652487383	-1	0.824339839	0.730182232	1	0.153292376	1	0.936708861	0.918181818	0.803099017	0.395575454	0.334
0.078926612	0	0.652487383	-1	0.824339839	0.68405467	0.953	0.154587061	1	0.936708861	0.918181818	0.806198035	0.41348433	0.284
0.135409244	0	0.652487383	-1	0.704936854	0.643280182	0.876	0.160903806	1	0.936708861	0.918181818	0.734567901	0.371345799	0.416
0.079239392	0	0.652487383	-1	0.704936854	0.695102506	0.851	0.166725766	1	0.936708861	0.918181818	0.006349206	0.613378983	0.268
0.09881429	0	0.652487383	-1	0.670493685	0.633826879	0.706	0.170164516	1	0.936708861	0.918181818	0.009196271	0.451935739	0.234
0.178253286	0	0.652487383	-1	0.77956372	0.671526196	0.954	0.157473302	1	0.936708861	0.918181818	0.019349962	0.642349223	0.166
0.137645797	0	0.652487383	-1	0.670493685	0.664806378	0.597	0.164730136	1	0.936708861	0.918181818	0.062106324	0.413220964	0.204
0.423280608	0	0.652487383	-1	0.77956372	0.706378132	0.787	0.153622232	1	0.936708861	0.918181818	0.047417486	0.382407164	0.218
0.082798659	0	0.652487383	-1	0.77956372	0.705353075	0.781	0.159617367	1	0.936708861	0.918181818	0.243713782	0.566763234	0.22
0.104959416	0	0.652487383	-1	0.77956372	0.726651481	0.956	0.162305694	1	0.936708861	0.918181818	0.152985639	0.634184883	0.19
0.095442714	0	0.652487383	-1	0.670493685	0.723006834	0.861	0.169273904	1	0.936708861	0.918181818	0.210254472	0.464577298	0.29
0.113089793	0	0.652487383	-1	0.670493685	0.778246014	0.943	0.172201377	1	0.936708861	0.918181818	0.204913076	0.51856729	0.282
0.072424424	0	0.652487383	-1	0.670493685	0.731776765	0.748	0.181453841	1	0.936708861	0.918181818	0.246787604	0.316829076	0.322
0.062725425	0	0.652487383	-1	0.818599311	0.733029613	0.879	0.190970189	1	0.936708861	0.918181818	0.252431343	0.427179352	0.286
0.156372153	0	0.652487383	-1	0.818599311	0.707061503	0.95	0.183251557	1	0.936708861	0.918181818	0.253539934	0.399525942	0.234
0.125431295	0	0.652487383	-1	0.849598163	0.75501139	0.946	0.175211314	1	0.936708861	0.918181818	0.276769967	0.612852252	0.268
0.162074802	0	0.652487383	-1	0.849598163	0.735876993	0.933	0.165142457	1	0.936708861	0.918181818	0.069261779	0.475375296	0.192
0.170575952	0	0.652487383	-1	0.849598163	0.700683371	1	0.157852637	1	0.936708861	0.918181818	0.023481985	0.696602581	0.174
0.153727626	0	0.652487383	-1	0.849598163	0.675968109	0.879	0.150134004	1	0.936708861	0.918181818	0.17372134	0.895970503	0.168
0.10554092	0	0.652487383	-1	0.849598163	0.640888383	0.939	0.149853626	1	0.936708861	0.918181818	1	0.602580985	0.256
0.247831443	0	0.652487383	-1	0.849598163	0.662642369	0.924	0.153894364	1	0.936708861	0.918181818	0.986268582	0.582301817	0.21
0.109289675	0	0.652487383	-1	0.849598163	0.729612756	0.972	0.170296458	1	0.936708861	0.918181818	0.972436382	0.514090071	0.342
0.063684109	0	0.652487383	-1	0.849598163	0.708314351	1	0.165323877	1	0.936708861	0.918181818	0.996951373	0.436923887	0.368
0.11201355	0	0.652487383	-1	0.849598163	0.738610478	1	0.163146827	1	0.936708861	0.918181818	0.974376417	0.496444561	0.308
0.143884544	0	0.652487383	-1	0.849598163	0.666742597	0.966	0.156318806	1	0.936708861	0.918181818	0.605996473	0.626547274	0.216
0.119939939	0	0.652487383	-1	0.849598163	0.735649203	0.948	0.163930235	1	0.936708861	0.918181818	0.108490804	0.631551225	0.236
0.070671371	0	0.652487383	-1	0.849598163	0.722209567	0.964	0.17086546	1	0.936708861	0.918181818	0.801234568	0.468527785	0.298
0.111544997	0	0.652487383	-1	0.849598163	0.711958998	0.966	0.181255927	1	0.936708861	0.918181818	0.978886369	0.4329734	0.252
0.104849274	0	0.652487383	-1	0.818599311	0.704441913	0.987	0.186500639	1	0.936708861	0.918181818	1	0.477482223	0.282
0.084584529	0	0.652487383	-1	0.818599311	0.730865604	0.983	0.180183895	1	0.936708861	0.918181818	0.766465105	0.508559389	0.26
0.07550019	0	0.652487383	-1	0.818599311	0.768678815	0.926	0.191613409	1	0.936708861	0.918181818	0.000806248	0.459309982	0.268
0.061152758	0	0.652487383	-1	0.818599311	0.757972665	0.982	0.194219272	1	0.936708861	0.918181818	0.895162509	0.46694759	0.304
0.05720822	0	0.652487383	-1	0.818599311	0.717198178	0.918	0.195291304	1	0.936708861	0.918181818	0.970244394	0.454832763	0.322
0.092699958	0	0.652487383	-1	0.818599311	0.842027335	0.993	0.202259514	1	0.936708861	0.918181818	0.947014361	0.440874375	0.356
0.106923312	0	0.652487383	-1	0.818599311	0.766287016	0.941	0.205838453	1	0.936708861	0.918181818	0.016830436	0.49275744	0.298
0.053411699	0	0.652487383	-1	0.818599311	0.743166287	0.865	0.200865872	1	0.936708861	0.918181818	0.128294281	0.477482223	0.282
0.052472796	0	0.652487383	-1	0.818599311	0.680637813	0.879	0.212806663	1	0.936708861	0.918181818	0.026404636	0.500658415	0.254
0.092165995	0	0.652487383	-1	0.818599311	0.676082005	0.803	0.229184018	1	0.936708861	0.918181818	0.008818342	0.446141691	0.27
0.087127007	0	0.652487383	-1	0.818599311	0.717653759	0.837	0.229505628	1	0.936708861	0.918181818	0.685840262	0.427442718	0.298
0.076438081	0	0.652487383	-1	0.818599311	0.692596811	0.844	0.224095988	1	0.936708861	0.918181818	1	0.387147748	0.4
0.054083339	0	0.652487383	-1	0.818599311	0.763211845	0.9	0.214200305	1	0.936708861	0.918181818	0.643058705	0.432446668	0.328
0.041506718	0	0.652487383	-1	0.818599311	0.7261959	0.884	0.211693399	1	0.936708861	0.918181818	0.986218191	0.385830919	0.354
0.074794383	0	0.652487383	-1	0.818599311	0.719476082	0.83	0.22548963	1	0.936708861	0.918181818	1	0.368448775	0.39
0.065423675	0	0.652487383	-1	0.818599311	0.741799544	0.899	0.231031213	1	0.936708861	0.918181818	0.992239859	0.271003424	0.404
0.088105808	0	0.652487383	-1	0.752009185	0.707175399	0.654	0.244373892	1	0.936708861	0.918181818	1	0.348169608	0.428
0.035555576	0	0.652487383	-1	0.752009185	0.655922551	0.482	0.252875933	1	0.936708861	0.918181818	0.842529604	0.372135897	0.398
0.042426851	0	0.652487383	-1	0.752009185	0.677904328	0.847	0.236795448	1	0.936708861	0.918181818	0.055454775	0.451672373	0.38
0.04970183	0	0.652487383	-1	0.670493685	0.683712984	0.945	0.209483363	1	0.936708861	0.918181818	0.834693878	0.561495918	0.382
0.175054678	0	0.652487383	-1	0.665901263	0.674943052	0.71	0.239838371	1	0.936708861	0.918181818	0.929050139	0.477482223	0.382
0.146950533	0	0.652487383	-1	0.665901263	0.650683371	0.567	0.232853668	1	0.936708861	0.918181818	1	0.388727943	0.402
0.048875879	0	0.652487383	-1	0.665901263	0.7023918	0.84	0.250146374	1	0.936708861	0.918181818	1	0.429022913	0.398
0.045387531	0	0.652487383	-1	0.610792193	0.709453303	0.907	0.255580753	1	0.936708861	0.918181818	0.996044344	0.338951804	0.392
0.040108254	0	0.652487383	-1	0.665901263	0.733143508	0.75	0.238857049	1	0.936708861	0.918181818	0.991106072	0.378193311	0.464
0.052226213	0	0.652487383	-1	0.704936854	0.79498861	0.676	0.208873129	1	0.936708861	0.918181818	0.944016125	0.30708454	0.596
0.090538706	0	0.652487383	-1	0.670493685	0.618109339	0.954	0.200371088	1	0.936708861	0.918181818	0.888334593	0.477745589	0.276
0.071852023	0	0.652487383	-1	0.670493685	0.701822323	0.974	0.181915639	1	0.936708861	0.918181818	0.762811791	0.634711614	0.266
0.054749585	0	0.652487383	-1	0.704936854	0.738496583	0.936	0.190104317	1	0.936708861	0.918181818	0.998261527	0.491967343	0.334
0.1688474	0	0.652487383	-1	0.704936854	0.604100228	0.973	0.173232177	1	0.936708861	0.918181818	0.880524061	0.656044245	0.24
0.115008283	0	0.652487383	-1	0.704936854	0.704441913	0.967	0.178988166	1	0.936708861	0.918181818	0.956664147	0.474848565	0.292
0.161095889	0	0.652487383	-1	0.704936854	0.709453303	0.88	0.160903806	1	0.936708861	0.918181818	0.965784832	0.345272584	0.428
0.065455819	0	0.652487383	-1	0.610792193	0.710933941	0.647	0.282373315	1	0.936708861	0.918181818	1	0.282854885	0.46
0.06415401	0	0.652487383	-1	0.610792193	0.768792711	0.749	0.274745392	1	0.936708861	0.918181818	0.990350214	0.203845141	0.474
0.064412281	0	0.652487383	-1	0.610792193	0.804214123	0.77	0.281251804	1	0.936708861	0.918181818	0.995918367	0.184619436	0.5
0.031675662	0	0.652487383	-1	0.610792193	0.656264237	0.403	0.337962314	1	0.936708861	0.918181818	0.989972285	0.274427179	0.436
0.026732654	0	0.652487383	-1	0.66934558	0.668678815	0.419	0.307096029	1	0.936708861	0.918181818	0.934063996	0.351329997	0.412
0.041288232	0	0.652487383	-1	0.66934558	0.718906606	0.519	0.329171649	1	0.936708861	0.918181818	0.979138322	0.278641032	0.424
0.063969354	0	0.652487383	-1	0.66934558	0.696355353	0.798	0.292409186	1	0.936708861	0.918181818	0.989367599	0.394521991	0.382
0.054347904	0	0.652487383	-1	0.66934558	0.672551253	0.532	0.259951346	1	0.936708861	0.918181818	0.978130511	0.301553858	0.412
0.00169551	0	1	-1	0.699196326	0.62118451	0.927	0.150158743	0.166666667	1	0.913636364	0.995439657	0.475638662	0.304
0.002060888	0	1	-1	0.699196326	0.616628702	0.983	0.14475735	0.166666667	1	0.913636364	0.866843034	0.631287859	0.14
0.002331635	0	1	-1	0.699196326	0.580068337	0.98	0.150298932	0.166666667	1	0.913636364	0.802292769	0.781669739	0.162
0.001188408	0	1	-1	0.699196326	0.68143508	0.988	0.154051045	0.166666667	1	0.913636364	0.982892416	0.475902028	0.272
0.001251121	0	1	-1	0.699196326	0.68143508	0.835	0.173990846	0.166666667	1	0.913636364	1	0.351593363	0.402
0.001947824	0	0.349315068	-1	0.671641791	0.65	0.54	0.196404569	0.25	0.549929677	0.872727273	1	0.316302344	0.436
0.003142076	0	0.349315068	-1	0.671641791	0.674943052	0.426	0.196404569	0.25	0.549929677	0.872727273	1	0.357914143	0.49
0.002011662	0	0.349315068	-1	0.671641791	0.645785877	0.288	0.230783821	0.25	0.549929677	0.872727273	0.99090451	0.463523835	0.462
0.003254803	0	0.349315068	-1	0.671641791	0.613895216	0.729	0.230783821	0.25	0.549929677	0.872727273	1	0.556755333	0.394
0.003016312	0	0.349315068	-1	0.671641791	0.659908884	0.706	0.238543685	0.25	0.549929677	0.872727273	1	0.371345799	0.366
0.00268746	0	0.349315068	-1	0.671641791	0.685535308	0.653	0.198664083	0.25	0.549929677	0.872727273	1	0.340268633	0.424
0.001998624	0	0.349315068	-1	0.671641791	0.63428246	0.735	0.197905414	0.25	0.549929677	0.872727273	0.997152935	0.397682381	0.35
0.002521798	0	0.349315068	-1	0.671641791	0.686446469	0.797	0.206011627	0.25	0.549929677	0.872727273	1	0.377403213	0.336
0.000703896	0	0.430064888	-1	0.657864524	0.750911162	0.691	0.204395333	0.041666667	0.383966245	0.954545455	0.987629126	0.254674743	0.448
0.000508788	0	0.430064888	-1	0.657864524	0.697038724	0.767	0.188636457	0.041666667	0.383966245	0.954545455	1	0.23913616	0.412
0.000682879	0	0.430064888	-1	0.657864524	0.79453303	0.91	0.178740774	0.041666667	0.383966245	0.954545455	1	0.14853832	0.478
0.001231678	0	0.430064888	-1	0.657864524	0.7738041	0.893	0.196998309	0.041666667	0.383966245	0.954545455	0.991307634	0.170661048	0.44
0.000532839	0	0.430064888	-1	0.657864524	0.686788155	0.808	0.206572383	0.041666667	0.383966245	0.954545455	1	0.207532262	0.238