0.4674831582087984
0.5420141786951393
0.5735303106936747
0.45733575229297607
0.4679005741479078
0.37061527690605084
0.33360570623982366
0.38970549235610163
0.3485719838553034
0.23589014382172802
0.281982957975003
0.36795433392821614
0.3832886079792008
0.30120070182256675
0.25085734672872545
0.10959324768159434
0.16413362017801905
0.227833676834587
0.37392356018926903
0.33169287895400484
0.3899041086909111
0.32532036310500156
0.36631236429770114
0.5219118639217609
0.4931688464256943
0.4103717542176289
0.39505190820294567
0.32051276306033283
0.19580722897311725
0.32736938109626057
0.2371399390629903
0.2785947097688997
0.4433108416290565
0.37341503297663164
0.39421819670706126
0.33078313332768283
0.3209283888241121
0.28211558881343074
0.2605524488894611
0.24698200210407267
0.3068446003195587
0.3590960839988091
0.4238472877157573
0.35558211799665923
0.3557929518368774
0.326490245131218
0.33388394681421074
0.30324416847540103
0.23727609681880618
0.22379853836257718
0.2664724582157436
0.2635241568084945
0.38041779387460983
0.3184530048402045
0.3284961051805708
0.2839262241991293
0.29103382408266765
0.3057060678681823
0.32714459689501424
0.3079553775028783
0.20159558923894713
0.20519170734072578
0.31136293799939935
0.33261314634778755
0.2956592513996864
0.2353596828375851
0.22624888118062159
0.10576432798691526
0.16559959718572126
0.2669297054912376
0.2213877897182547
0.3038436934394663
0.2980363816000826
0.37572768463570727
0.2924521454371459
0.2941235767717438
0.207213210747016
0.2257228605014811
0.29635609226957804
0.273703054761826
0.17929140653832457
0.24348717697140682
0.1996241574929698
0.3370760092654816
0.3277461067836944
0.3584462008329552
0.2277871818531043
0.20882522412788998
0.15113209091674112
0.19990008028181397
0.15955015455202634
0.06940372676007192
0.2322929513774077
0.08687113481803739
0.2686902354747172
0.3615219901454891
0.3190236697339604
0.20350401449752573
0.38466665936752215
0.18188493942116452
0.21677887867003232
0.16628938855344677
0.252684360142011
0.30099014353404224
0.2996092476738972
0.20437806487927446
0.16224883335895718
0.15054868002838392
0.2784919992861824
0.3160893606376163
0.3489087175734475
0.3254688796741235
0.3597321908645055
0.18173762916140415
0.2879940068213935
0.3063624099574841
0.24887135125445323
0.13646390429014094
0.1281380473174898
0.1492010571718614
0.14905116567884497
0.11401707963806001
0.21648793971641114
0.22618759215846046
0.3022120981018025
0.3318053989014242
0.2799303520173313
0.2594313014489483
0.3187796284065645
0.2762409540264449
0.4569519797550614
0.08452080168256434
0.11853596293967608
0.576157420910917
0.4740723680765289
0.7388843789421716
0.7070685715437053
0.5063238840412906
0.2516506823109968
0.30205656389026353
0.3365404423240538
0.7524266590121149
0.43212033815699735
0.37233099292324284
0.3482888265881303
0.45172053480806995
0.3601135561189937
0.48650156658344296
0.48053472290566457
0.4099899106411716
0.38764386453270716
0.3355393499817815
0.5126318392758569
0.34407187944751927
0.4216859439869358
0.43161841876309537
0.4572235616324734
0.5389847154605536
0.5004170170517873
0.2748106313029499
0.313579276450023
0.562529894830812
0.537726521403928
0.41378699710658196
0.5757615444645245
0.42294564823638847
0.413776267504377
0.4367128131802915
0.37776223093941186
0.3953807211332372
0.41318428044850053
0.43748427580420934
0.4555762484484874
0.43505218226911885
0.3504574769200485
0.3904132670268381
0.44600125073280905
0.3781088087481482
0.3497343274950209
0.46781551073891214
0.49044436156284354
0.4951212078249938
0.3673564469074743
0.44729128941439483
0.4878367132165342
0.4849909494744733
0.3832069827544958
0.4518292166274365
0.3193955632716902
0.29597642568419325
0.38577473759541775
0.48528337690151574
0.49700562287209604
0.4337084129456401
0.5287730529074299
0.33787469362205835
0.44759792091057965
0.5739626644189305
0.6205112560643091
0.6708265830330716
0.5755488241504395
0.6245434113084964
0.6031959514800725
0.5082254482604076
0.5085556570704663
0.5728012069165654
0.5899524702947356
0.5451932104809705
0.3021432621363486
0.4853800437541554
0.5089936170099671
0.41315710845140763
0.44534304966394067
0.625716622300733
0.6736471281639047
0.6614520256281505
0.474852154247013
0.5026469669510787
0.49965192268761943
0.36823328478454637
0.499140188636007
0.5812609437750219
0.7822910954922325
0.7378571885566211
0.6330314336589581
0.7091419188634642
0.6473846551275396
0.5677041068256413
0.6658031120154358
0.6695488840273008
0.6567130681935778
0.6930891823110795
0.6701874462714417
0.5441104634637137
0.5215035340711682
0.3950548264218019
0.4565496313037521
0.7220113535845106
0.7163384834398618
0.5314798478040741
0.5118198747724049
0.6561058259173149
0.6130938672697362
0.7382443414528925
0.6797617240694362
0.6269983653518022
0.6555662777016612
0.6699314172481107
0.7698123207678137
0.707623713259667
0.4063129754118012
0.46839486926797913
0.5780080053462737
0.4935450151204241
0.49728405505179774
0.4665086244562711
0.45898209668813716
0.39470647473792364
0.37505981469443644
0.37535498491564107
0.2315173363713396
0.3059351356377054
0.5122676179575509
0.4199564960197786
0.41107547944389017
0.47327614350243685
0.5208751713813824
0.5234665995987898
0.621812416796351
0.5666849937497177
0.4511226951678874
0.6024597891475432
0.6921584307392131
0.7145986329819342
0.6277796041486066
0.43415855534568615
0.5985255208448435
0.6608889173256705
0.6072562429113705
0.7070064212780213
0.7256256533533275
0.7097214547327149
0.5575427458683105
0.6000106047175197
0.37157412192122313
0.6232806986817099
0.5547584089749313
0.41573640034661236
0.5124628545412997
0.461893424977634
0.4506445225749406
0.14506666666001572
0.4601402950031087
0.38549702311975403
0.26018198066195874
0.3870992183003412
0.27046990039806573
0.40899490955125584
0.2928294684166304
0.42682572323275225
0.4060353747062793
0.7763690822207394
0.7579550824858186
0.692915996423341
0.5487987563585459
0.5997210184226264
0.5912714381943971
0.6259257061333067
0.5764980105781199
0.6646785741742155
0.7466462962852987
0.5997721380738128
0.6021530249549072
0.6231525527194841
0.5682449554255672
0.5697077683953713
0.6346180853805499
0.6055404438240115
0.6096985916491711
0.6814161456975226
0.44091433041057826
0.4092982656950273
0.6094174197054528
0.6584050025925594
0.5199578238482234
0.6482314076234469
0.6354791284304615
0.5903859160228112
0.5580326286174205
0.46241155938545353
0.5822041732180671
0.4886687787952021
0.5395182794746741
0.39908291534287427
0.42476360293713883
0.37473969142002733
0.4661771023583819
0.4637152104506936
0.3911929556897001
0.6860960904694294
0.4550694953683577
0.4346917931101106
0.7765825039858288
0.7724197840920153
0.6931923834729204
0.6415776806151936
0.5081061372990524
0.5471121416929668
0.6244430175027552
0.2569148756745453
0.37431470911740383
0.4197976324586065
0.31664254091959526
0.4060919215533592
0.3523935515269713
0.38265094350974405
0.25183208821903696
0.16509281580226673
0.1525827445197919
0.2881146728858811
0.18240358719962366
0.15657188173222372
0.20175336790574785
0.23596006254328414
0.10710559155872608
0.22545990896445545
0.29722506204876986
0.24633471942124296
0.3643161692974195
0.2968362751416216
0.31720652198949933
0.2573261482201786
0.3081557796562289
0.3998846739362677
0.3824986223562398
0.3889206453228013
0.2663850661913828
0.35262295827943035
0.28795365100694764
0.21599273989695467
0.4005168381030466
0.3533717969529804
0.24649283888299997
0.3493456959902553
0.40191283373240383
0.3884406015665688
0.3632733849745729
0.34316524948682386
0.4398674586125611
0.4175076552325894
0.3478743513099723
0.4636543534502486
0.3477925187676065
0.3544620203667575
0.4855951770580134
0.3803817934665798
0.3594194416156086
0.43099737277473427
0.3837429447651723
0.3020572311752545
0.33803460054479223
0.4092757502282194
0.38198796065959145
0.37407666229202013
0.5065234845378421
0.4782783242959323
0.6110766867253994
0.6691594010247287
0.6805139415404173
0.45012051715916196
0.5463433747300002
0.4915824403091588
0.5468044787216786
0.5347698658836101
0.5243979248709225
0.512432552267285
0.5958491509555183
0.6003418208539469
0.48957278314114944
0.39011674683814085
0.534297615685645
0.4577291547472794
0.48286284009168373
0.5025259677194086
0.5234594931525784
0.5535405678577316
0.40512211031673084
0.36411935450921795
0.41306201267345066
0.400432447086267
0.4320637314186573
0.46872030326733505
0.4422937446278325
0.46838670718210335
0.38814333039528587
0.46866000493996385
0.38905128281698365
0.3081091510829276
0.3972895105662345
0.4618118586454823
0.5813435375212664
0.4469759005711797
0.42314444393782974
0.4749030340930316
0.3385605016256361
0.3302970087078074
0.4042414791244133
0.4285101265996615
0.639007324112621
0.5043135843838933
0.6098004397916537
0.30494709191822006
0.4375294569253663
0.5227615540272558
0.4377099488714978
0.3606057099673479
0.2888808105954512
0.1395808745446246
0.2902738336376632
0.3443830051563142
0.3996236773391183
0.4177445171338522
0.4566944890070915
0.4785693412885037
0.5333933314008876
0.6786253818896874
0.6199492548309788
0.42592549356702164
0.4423020979937891
0.4132735226538724
0.4540531934763775
0.24211136314112774
0.2675534908359045
0.14995006490770124
0.3580348015137952
0.20939200456931825
0.4041033089382046
0.37939915343341807
0.27275332790164886
0.30355902066076984
0.25950369563980374
0.29947843938218494
0.2556213421064612
0.2863411145201844
0.34382749580227845
0.23284343012888678
0.36803354928501153
0.31508969471300646
0.32362178496294847
0.42786457257398725
0.39885781951145394
0.3911732014108682
0.4053987816865211
0.33179271952774425
0.37091513894775446
0.28896224559970135
0.30553296891658316
0.1607114172799254
0.30601546980048494
0.39518590453880226
0.5055796942534513
0.548291337749569
0.5763958497343106
0.5950453781415384
0.46890705237227903
0.5865447993811037
